107  0.961036
1684  0.675595
3437  0.472231
1912  0.458591
1085  0.298030
0  0.292612
698  0.230661
567  0.192621
58  0.168720
428  0.128618
563  0.125560
860  0.115652
414  0.095267
1577  0.079569
348  0.075996
1718  0.074686
686  0.059444
594  0.057606
136  0.053741
3980  0.049640
1465  0.049144
171  0.030985
862  0.023496
483  0.020617
2543  0.015209
3830  0.012874
376  0.012391
1666  0.012350
1420  0.012113
1534  0.011897
713  0.010028
475  0.009997
1405  0.008194
828  0.007926
1505  0.007564
745  0.007272
173  0.007262
34  0.007204
719  0.006566
2347  0.006400
1165  0.006322
805  0.006105
484  0.005797
747  0.005430
1171  0.005024
830  0.004743
703  0.004560
353  0.004281
1361  0.003996
697  0.003929
596  0.003832
823  0.003770
3756  0.003713
389  0.003633
526  0.003590
566  0.003575
1941  0.003454
4031  0.003420
2266  0.003416
1642  0.003365
517  0.003347
198  0.003326
3877  0.003294
651  0.003183
3684  0.003170
119  0.003046
637  0.003036
1656  0.003010
2047  0.002952
363  0.002905
580  0.002882
1419  0.002857
2007  0.002846
2542  0.002714
3495  0.002708
3561  0.002651
1758  0.002615
3633  0.002612
538  0.002569
803  0.002534
2468  0.002426
3851  0.002372
366  0.002352
3456  0.002327
3948  0.002305
3677  0.002282
990  0.002225
1352  0.002222
1663  0.002200
810  0.002175
56  0.002170
2289  0.002170
800  0.002136
2133  0.002026
819  0.002021
2189  0.002006
606  0.001994
774  0.001975
322  0.001927
1173  0.001885
21  0.001876
2268  0.001866
1126  0.001834
67  0.001824
3861  0.001814
1687  0.001813
1726  0.001735
412  0.001735
1621  0.001725
373  0.001716
1835  0.001642
2117  0.001599
3674  0.001589
1376  0.001582
3173  0.001560
3577  0.001522
925  0.001513
1553  0.001510
3592  0.001493
122  0.001492
419  0.001486
798  0.001484
3525  0.001468
916  0.001433
1074  0.001417
420  0.001398
3454  0.001384
1317  0.001373
1954  0.001362
1536  0.001360
553  0.001341
1450  0.001336
315  0.001314
840  0.001268
1029  0.001263
1522  0.001261
1483  0.001261
460  0.001242
708  0.001222
3501  0.001220
1086  0.001207
1289  0.001188
395  0.001181
304  0.001178
3440  0.001177
2199  0.001167
609  0.001160
2143  0.001133
497  0.001130
1593  0.001107
1688  0.001100
2642  0.001095
1847  0.001085
2283  0.001082
1193  0.001075
3962  0.001075
1334  0.001070
641  0.001069
1098  0.001068
1070  0.001066
2038  0.001056
1136  0.001043
1509  0.001016
1926  0.001005
856  0.001000
285  0.000998
3989  0.000977
3797  0.000976
3540  0.000975
513  0.000964
772  0.000944
213  0.000936
3750  0.000928
1537  0.000916
2081  0.000910
2384  0.000899
1617  0.000896
3721  0.000889
2512  0.000881
3550  0.000877
1338  0.000872
3872  0.000869
3651  0.000868
601  0.000854
1540  0.000844
3886  0.000840
1702  0.000832
391  0.000825
2111  0.000825
500  0.000819
169  0.000804
422  0.000771
908  0.000771
525  0.000770
921  0.000764
3556  0.000739
857  0.000738
2054  0.000725
804  0.000724
2176  0.000716
3692  0.000716
3101  0.000715
324  0.000714
370  0.000697
2328  0.000688
465  0.000669
339  0.000655
1590  0.000651
561  0.000645
456  0.000640
590  0.000622
2333  0.000622
1806  0.000616
917  0.000613
1369  0.000604
3263  0.000592
2292  0.000590
2128  0.000586
1178  0.000585
3943  0.000583
559  0.000580
374  0.000579
400  0.000570
542  0.000563
1360  0.000553
1518  0.000551
2325  0.000550
3487  0.000549
1312  0.000549
1555  0.000549
2302  0.000533
1574  0.000532
1584  0.000528
1523  0.000527
2247  0.000517
2869  0.000516
2072  0.000512
436  0.000500
2336  0.000494
2510  0.000488
492  0.000488
1217  0.000486
1028  0.000482
1549  0.000480
2031  0.000476
2498  0.000475
402  0.000469
1274  0.000468
531  0.000465
2327  0.000463
2511  0.000455
423  0.000445
2419  0.000444
2472  0.000443
2102  0.000439
2032  0.000433
2598  0.000432
1782  0.000432
360  0.000431
2398  0.000430
2132  0.000429
431  0.000429
1513  0.000429
461  0.000423
2068  0.000422
1182  0.000422
387  0.000416
2282  0.000412
1109  0.000411
1545  0.000410
2509  0.000402
2174  0.000400
1909  0.000394
520  0.000394
1825  0.000393
503  0.000389
1226  0.000387
2491  0.000383
1358  0.000383
1783  0.000378
504  0.000377
1237  0.000370
1911  0.000369
1327  0.000365
308  0.000356
3723  0.000354
1945  0.000350
1863  0.000349
2451  0.000349
524  0.000344
2617  0.000343
463  0.000341
7  0.000341
3385  0.000332
156  0.000331
1618  0.000326
3741  0.000325
1197  0.000325
2087  0.000321
2629  0.000321
80  0.000319
515  0.000317
2417  0.000317
417  0.000314
1077  0.000311
507  0.000309
1431  0.000308
2368  0.000308
1800  0.000306
439  0.000301
2026  0.000301
2071  0.000301
2399  0.000300
1511  0.000297
455  0.000295
3111  0.000294
2223  0.000293
1307  0.000287
2250  0.000286
604  0.000285
146  0.000283
2501  0.000282
2461  0.000281
1846  0.000277
3258  0.000276
1425  0.000274
2344  0.000273
1730  0.000273
1485  0.000271
645  0.000270
2319  0.000269
930  0.000269
2313  0.000268
2138  0.000268
1985  0.000265
438  0.000260
2471  0.000259
1088  0.000259
2153  0.000258
1626  0.000257
3961  0.000256
3609  0.000254
2203  0.000252
1866  0.000252
2127  0.000250
397  0.000248
1947  0.000244
506  0.000243
388  0.000239
3020  0.000237
1888  0.000237
1620  0.000235
2116  0.000232
1458  0.000231
1320  0.000230
2187  0.000230
3265  0.000229
2233  0.000228
2951  0.000228
432  0.000226
1013  0.000226
1768  0.000224
452  0.000224
378  0.000222
591  0.000222
1408  0.000221
951  0.000217
1964  0.000216
434  0.000216
3019  0.000216
2394  0.000214
1959  0.000213
683  0.000212
1692  0.000211
2529  0.000211
2183  0.000210
2294  0.000210
2279  0.000209
2458  0.000208
1328  0.000206
1939  0.000205
269  0.000204
1972  0.000202
1813  0.000202
1128  0.000201
2224  0.000198
2730  0.000198
769  0.000198
915  0.000197
1494  0.000195
3248  0.000194
2616  0.000194
2389  0.000194
1604  0.000193
1440  0.000192
2594  0.000191
408  0.000191
150  0.000190
2155  0.000190
2062  0.000189
103  0.000188
546  0.000188
404  0.000188
544  0.000188
2863  0.000188
3100  0.000187
1435  0.000186
2649  0.000186
3406  0.000185
2042  0.000183
2264  0.000181
2142  0.000180
2364  0.000179
556  0.000179
896  0.000178
1277  0.000177
962  0.000175
1883  0.000174
1973  0.000173
1745  0.000173
1622  0.000172
2533  0.000172
1114  0.000171
1612  0.000171
3154  0.000170
946  0.000170
1827  0.000168
1995  0.000166
1238  0.000165
405  0.000165
2475  0.000165
1210  0.000164
2171  0.000163
2724  0.000161
392  0.000161
527  0.000160
2508  0.000159
3397  0.000158
472  0.000158
1761  0.000157
1472  0.000157
1951  0.000157
416  0.000156
2547  0.000156
1808  0.000156
2003  0.000155
350  0.000155
3291  0.000155
1487  0.000155
2608  0.000153
457  0.000152
514  0.000151
427  0.000150
516  0.000150
1852  0.000150
554  0.000150
1377  0.000149
2284  0.000147
1480  0.000146
2267  0.000146
1567  0.000145
2592  0.000144
1598  0.000143
369  0.000143
1104  0.000142
2463  0.000141
1778  0.000141
1746  0.000141
469  0.000141
2643  0.000137
1199  0.000136
3604  0.000136
2385  0.000136
2597  0.000134
1374  0.000133
1446  0.000132
2001  0.000132
629  0.000131
545  0.000131
2538  0.000131
1473  0.000131
2640  0.000129
2254  0.000129
1780  0.000129
1025  0.000129
2149  0.000128
1421  0.000128
1769  0.000128
3090  0.000127
1329  0.000126
1630  0.000126
3280  0.000126
510  0.000126
2716  0.000125
2180  0.000125
3302  0.000125
508  0.000125
1204  0.000124
1955  0.000124
537  0.000124
3320  0.000123
2459  0.000121
1948  0.000121
2588  0.000121
2555  0.000121
2039  0.000119
415  0.000119
634  0.000119
2018  0.000118
1591  0.000118
1146  0.000118
2004  0.000118
2225  0.000117
2502  0.000117
3233  0.000115
2839  0.000115
1179  0.000115
2754  0.000115
2567  0.000115
1998  0.000113
1705  0.000113
1991  0.000113
2024  0.000111
1196  0.000111
3186  0.000111
2647  0.000111
649  0.000111
2101  0.000110
630  0.000109
1794  0.000109
1528  0.000109
3051  0.000109
3366  0.000108
444  0.000108
1471  0.000108
25  0.000108
1512  0.000107
2053  0.000107
3363  0.000107
1559  0.000106
1175  0.000106
2526  0.000106
1588  0.000105
3426  0.000105
1235  0.000105
1916  0.000105
473  0.000104
3002  0.000104
1740  0.000103
3521  0.000103
1467  0.000103
479  0.000103
1221  0.000103
1014  0.000103
1836  0.000103
3596  0.000103
2324  0.000102
3168  0.000102
3201  0.000102
1410  0.000102
1427  0.000101
357  0.000101
3330  0.000100
3140  0.000100
1390  0.000099
3198  0.000099
3256  0.000099
1589  0.000099
2125  0.000098
1187  0.000098
1367  0.000098
1078  0.000098
1192  0.000097
3214  0.000097
2447  0.000096
2560  0.000095
2589  0.000095
3082  0.000095
1976  0.000095
3117  0.000094
1844  0.000094
1399  0.000094
2742  0.000094
1881  0.000093
87  0.000093
3162  0.000092
2946  0.000091
1803  0.000091
3179  0.000091
1475  0.000091
471  0.000090
1222  0.000090
3304  0.000090
120  0.000089
3136  0.000089
1305  0.000089
2583  0.000089
1313  0.000089
1804  0.000088
1049  0.000088
518  0.000088
3545  0.000087
2144  0.000087
523  0.000086
2194  0.000086
2378  0.000086
993  0.000085
953  0.000085
2494  0.000084
1674  0.000084
1124  0.000083
2436  0.000083
3331  0.000083
2246  0.000082
1613  0.000082
2904  0.000082
646  0.000082
1391  0.000082
1932  0.000081
1786  0.000081
1343  0.000081
2659  0.000081
2445  0.000081
2278  0.000081
496  0.000081
1920  0.000081
451  0.000081
3005  0.000080
2009  0.000080
3011  0.000080
1075  0.000080
1255  0.000080
1833  0.000079
2065  0.000079
967  0.000079
3274  0.000079
1080  0.000079
277  0.000079
1637  0.000078
1052  0.000078
3038  0.000078
3289  0.000078
2027  0.000078
246  0.000076
2343  0.000076
2148  0.000076
3116  0.000076
3938  0.000076
1155  0.000076
3027  0.000076
549  0.000076
2901  0.000076
1610  0.000076
3342  0.000076
1703  0.000076
2135  0.000076
2764  0.000075
2611  0.000075
3077  0.000075
3360  0.000075
2660  0.000075
2780  0.000075
1447  0.000075
1211  0.000074
995  0.000074
1557  0.000074
2778  0.000074
3386  0.000073
1861  0.000073
1373  0.000073
3150  0.000073
3097  0.000072
2636  0.000072
430  0.000072
1110  0.000072
1707  0.000072
1048  0.000072
3327  0.000072
1529  0.000071
480  0.000071
1300  0.000071
570  0.000071
1683  0.000071
1469  0.000071
705  0.000070
512  0.000070
678  0.000070
2738  0.000070
2229  0.000070
2748  0.000070
1714  0.000070
1791  0.000069
3152  0.000069
968  0.000069
2979  0.000069
3034  0.000069
2944  0.000068
3076  0.000068
1680  0.000068
3185  0.000068
2372  0.000068
3434  0.000067
2653  0.000067
1551  0.000067
2137  0.000067
2241  0.000066
1694  0.000066
2693  0.000066
2332  0.000066
2976  0.000065
2719  0.000065
1032  0.000065
2239  0.000065
3324  0.000065
1709  0.000065
1554  0.000065
776  0.000064
2377  0.000064
3017  0.000064
217  0.000064
1059  0.000063
482  0.000063
3107  0.000063
1017  0.000063
1828  0.000063
1899  0.000063
2793  0.000063
2126  0.000063
1725  0.000062
3072  0.000062
1148  0.000062
1893  0.000062
1839  0.000062
1897  0.000061
980  0.000061
2169  0.000061
2883  0.000060
1214  0.000060
1459  0.000060
1611  0.000060
1366  0.000060
3350  0.000059
1845  0.000059
2355  0.000059
493  0.000059
558  0.000058
1322  0.000058
2134  0.000058
2037  0.000058
1273  0.000057
1409  0.000057
2635  0.000057
2781  0.000057
1160  0.000057
1250  0.000057
1729  0.000056
2661  0.000056
1790  0.000056
1831  0.000056
1675  0.000056
3353  0.000056
1345  0.000056
1573  0.000056
3295  0.000055
407  0.000055
271  0.000055
2624  0.000055
2707  0.000055
2966  0.000054
1817  0.000053
1006  0.000053
1460  0.000053
3412  0.000053
1184  0.000053
2052  0.000053
1515  0.000053
3411  0.000053
3084  0.000053
1331  0.000052
3035  0.000052
1357  0.000052
2813  0.000052
2157  0.000052
3026  0.000052
913  0.000051
2337  0.000051
1736  0.000051
1983  0.000051
2309  0.000051
2163  0.000051
1661  0.000051
1272  0.000051
163  0.000051
3705  0.000051
3104  0.000050
2351  0.000050
1283  0.000050
2877  0.000049
2060  0.000049
2694  0.000049
3396  0.000048
1720  0.000048
3584  0.000048
639  0.000048
2232  0.000048
1639  0.000047
1876  0.000047
1717  0.000047
2002  0.000047
2915  0.000047
2734  0.000047
1871  0.000047
2786  0.000047
435  0.000047
3335  0.000046
927  0.000046
1894  0.000046
1330  0.000046
1166  0.000046
1864  0.000046
2881  0.000046
3232  0.000046
1583  0.000046
3087  0.000045
367  0.000045
978  0.000045
3253  0.000045
3680  0.000045
1697  0.000045
2571  0.000045
1569  0.000045
1600  0.000045
1867  0.000045
1488  0.000045
421  0.000045
3001  0.000045
2677  0.000045
534  0.000045
2084  0.000045
1256  0.000044
1001  0.000044
1799  0.000044
3365  0.000044
3062  0.000044
2683  0.000044
1076  0.000044
3321  0.000043
3345  0.000043
3060  0.000043
1158  0.000043
1275  0.000043
3442  0.000042
1966  0.000042
2530  0.000042
2890  0.000042
2992  0.000042
3672  0.000042
2215  0.000042
1437  0.000042
2665  0.000042
3079  0.000042
2410  0.000042
3918  0.000041
1159  0.000041
2298  0.000041
1191  0.000041
557  0.000041
2787  0.000041
3930  0.000041
1570  0.000041
3240  0.000040
669  0.000040
1107  0.000040
3838  0.000040
1189  0.000040
252  0.000040
960  0.000040
3793  0.000040
1519  0.000040
3299  0.000040
2968  0.000040
2056  0.000039
3403  0.000039
2999  0.000039
2729  0.000039
1902  0.000039
511  0.000039
459  0.000039
1662  0.000039
3245  0.000039
1520  0.000039
2679  0.000039
3278  0.000039
26  0.000039
2928  0.000038
1337  0.000038
3347  0.000038
1371  0.000038
1628  0.000038
2958  0.000038
3355  0.000038
2330  0.000038
2478  0.000038
272  0.000038
1807  0.000038
947  0.000038
2413  0.000038
2395  0.000038
1185  0.000038
1003  0.000037
2758  0.000037
3506  0.000037
1699  0.000037
1284  0.000037
239  0.000037
2322  0.000037
2782  0.000037
1066  0.000037
2235  0.000037
1117  0.000036
1793  0.000036
2191  0.000036
1750  0.000036
1502  0.000036
1614  0.000036
729  0.000036
1227  0.000036
2516  0.000036
464  0.000036
2300  0.000036
3387  0.000036
1993  0.000035
2610  0.000035
2894  0.000035
1970  0.000035
1770  0.000035
1132  0.000035
2669  0.000035
1742  0.000035
3404  0.000035
1393  0.000035
1886  0.000035
3758  0.000035
3178  0.000035
3145  0.000035
2950  0.000035
394  0.000034
2602  0.000034
1101  0.000034
1879  0.000034
2151  0.000034
1765  0.000034
1243  0.000034
2131  0.000034
897  0.000034
1041  0.000034
2345  0.000034
1823  0.000034
3593  0.000033
2964  0.000033
1516  0.000033
1010  0.000033
2927  0.000033
2040  0.000033
1122  0.000033
1456  0.000033
203  0.000033
1416  0.000033
3089  0.000033
9  0.000033
2150  0.000033
2956  0.000033
2936  0.000033
2145  0.000033
1349  0.000033
2093  0.000032
2550  0.000032
2376  0.000032
1449  0.000032
3113  0.000032
2069  0.000032
1757  0.000032
3078  0.000032
1671  0.000032
1332  0.000032
1479  0.000032
3054  0.000032
433  0.000032
2772  0.000031
1347  0.000031
1525  0.000031
2892  0.000031
3000  0.000031
2544  0.000031
3267  0.000031
2785  0.000031
824  0.000031
3049  0.000031
1563  0.000031
1940  0.000031
2865  0.000031
3369  0.000031
2986  0.000031
2943  0.000031
1261  0.000031
1153  0.000031
1645  0.000031
1429  0.000031
3172  0.000030
2210  0.000030
1259  0.000030
2913  0.000030
2604  0.000030
1496  0.000030
2668  0.000030
3362  0.000030
1669  0.000030
1269  0.000030
2361  0.000030
1603  0.000030
2960  0.000030
3351  0.000030
1561  0.000030
694  0.000030
3417  0.000030
3611  0.000029
2259  0.000029
2185  0.000029
2218  0.000029
2334  0.000029
1609  0.000029
3177  0.000029
1230  0.000029
1868  0.000029
2833  0.000029
2226  0.000029
2955  0.000029
1123  0.000029
1170  0.000028
3906  0.000028
3118  0.000028
1913  0.000028
941  0.000028
2909  0.000028
541  0.000028
1495  0.000028
1504  0.000028
1012  0.000028
1608  0.000028
2428  0.000028
2921  0.000028
2996  0.000028
982  0.000028
2582  0.000028
200  0.000028
543  0.000028
40  0.000028
3252  0.000028
3222  0.000028
688  0.000027
1767  0.000027
1436  0.000027
2107  0.000027
1290  0.000027
1882  0.000027
2989  0.000027
2841  0.000027
3182  0.000027
329  0.000027
3277  0.000027
1597  0.000027
3829  0.000027
781  0.000027
1311  0.000027
2962  0.000027
1665  0.000027
555  0.000027
1719  0.000027
1741  0.000027
2028  0.000027
2973  0.000027
1335  0.000027
2211  0.000027
924  0.000027
1246  0.000027
3344  0.000027
3115  0.000027
1923  0.000026
3361  0.000026
2078  0.000026
1858  0.000026
3586  0.000026
653  0.000026
1172  0.000026
2914  0.000026
3188  0.000026
1341  0.000026
1067  0.000026
1344  0.000026
2507  0.000026
1644  0.000026
1231  0.000026
3287  0.000026
3033  0.000026
64  0.000026
189  0.000026
2434  0.000026
2690  0.000026
1282  0.000026
2605  0.000026
3119  0.000025
2836  0.000025
1816  0.000025
1842  0.000025
2462  0.000025
3196  0.000025
2718  0.000025
3137  0.000025
2285  0.000025
1339  0.000025
3275  0.000025
592  0.000025
1024  0.000025
579  0.000025
3224  0.000025
954  0.000025
1491  0.000025
1083  0.000025
2293  0.000025
1543  0.000025
2429  0.000024
2206  0.000024
2806  0.000024
1744  0.000024
654  0.000024
2920  0.000024
170  0.000024
1685  0.000024
1689  0.000024
3205  0.000024
2825  0.000024
3617  0.000024
332  0.000024
3296  0.000024
991  0.000024
3319  0.000024
2910  0.000024
2676  0.000024
724  0.000024
2871  0.000023
2196  0.000023
1026  0.000023
1678  0.000023
1809  0.000023
2553  0.000023
2240  0.000023
3568  0.000023
3526  0.000023
1242  0.000023
2088  0.000023
2499  0.000023
1820  0.000023
3272  0.000023
2404  0.000023
2867  0.000023
1428  0.000023
2777  0.000023
3124  0.000023
584  0.000022
2906  0.000022
3132  0.000022
2540  0.000022
2706  0.000022
1727  0.000022
2810  0.000022
2757  0.000022
1851  0.000022
1943  0.000022
2763  0.000022
2242  0.000022
3346  0.000022
53  0.000022
3191  0.000022
1004  0.000022
1724  0.000022
3288  0.000021
481  0.000021
2198  0.000021
1576  0.000021
1872  0.000021
2925  0.000021
2603  0.000021
3971  0.000021
2172  0.000021
2711  0.000021
906  0.000021
1619  0.000021
1616  0.000021
2123  0.000021
1149  0.000021
3146  0.000021
1960  0.000021
1135  0.000021
560  0.000021
1787  0.000021
2937  0.000021
2812  0.000021
1156  0.000021
1215  0.000021
3348  0.000021
2916  0.000021
1448  0.000021
1975  0.000021
2103  0.000021
188  0.000021
2875  0.000021
1125  0.000021
2339  0.000021
280  0.000021
2715  0.000021
3825  0.000021
2391  0.000021
2828  0.000021
2095  0.000021
1236  0.000020
1258  0.000020
368  0.000020
2866  0.000020
2849  0.000020
3419  0.000020
1051  0.000020
618  0.000020
2751  0.000020
2800  0.000020
1636  0.000020
2369  0.000020
2551  0.000020
3204  0.000020
614  0.000020
1721  0.000020
2331  0.000020
2755  0.000020
3298  0.000020
3395  0.000020
2826  0.000020
1596  0.000020
2273  0.000020
680  0.000020
3056  0.000020
1668  0.000020
1650  0.000020
1752  0.000020
2919  0.000020
1129  0.000020
1037  0.000020
3966  0.000020
3261  0.000020
2590  0.000020
1810  0.000020
3378  0.000020
2129  0.000020
3025  0.000020
942  0.000020
2184  0.000020
973  0.000020
1304  0.000019
2575  0.000019
1019  0.000019
1453  0.000019
1020  0.000019
1843  0.000019
539  0.000019
2317  0.000019
1079  0.000019
3420  0.000019
1412  0.000019
1789  0.000019
3764  0.000019
3341  0.000019
3968  0.000019
2662  0.000019
3409  0.000019
2564  0.000019
957  0.000019
2607  0.000019
199  0.000019
1673  0.000019
3332  0.000019
1497  0.000019
1735  0.000019
3052  0.000019
3279  0.000019
620  0.000019
1548  0.000019
2664  0.000019
2775  0.000019
2873  0.000019
1819  0.000019
1785  0.000019
3184  0.000019
3529  0.000019
1223  0.000019
449  0.000019
825  0.000019
2397  0.000019
1722  0.000018
1482  0.000018
1571  0.000018
291  0.000018
2720  0.000018
3558  0.000018
2340  0.000018
3114  0.000018
1370  0.000018
2739  0.000018
3226  0.000018
2784  0.000018
3690  0.000018
1470  0.000018
2938  0.000018
1021  0.000018
2537  0.000018
3219  0.000018
1984  0.000018
3046  0.000018
3800  0.000018
3081  0.000018
3255  0.000018
2741  0.000018
827  0.000018
3455  0.000018
2236  0.000018
1444  0.000018
1860  0.000018
2412  0.000018
1547  0.000018
1779  0.000018
2438  0.000018
1423  0.000018
2244  0.000018
1205  0.000018
3945  0.000018
1303  0.000017
1910  0.000017
3448  0.000017
829  0.000017
1060  0.000017
3869  0.000017
2674  0.000017
359  0.000017
2073  0.000017
1712  0.000017
1291  0.000017
2188  0.000017
3902  0.000017
2932  0.000017
1359  0.000017
3211  0.000017
3842  0.000017
966  0.000017
1280  0.000017
2049  0.000017
2750  0.000017
1209  0.000017
2832  0.000017
2783  0.000017
2338  0.000017
3259  0.000017
728  0.000017
3010  0.000017
1106  0.000017
3195  0.000017
3464  0.000017
172  0.000017
3824  0.000017
1507  0.000017
1682  0.000017
1095  0.000017
2864  0.000017
1531  0.000017
3303  0.000016
125  0.000016
2433  0.000016
934  0.000016
2464  0.000016
3782  0.000016
2156  0.000016
932  0.000016
1850  0.000016
2600  0.000016
2414  0.000016
355  0.000016
1229  0.000016
3313  0.000016
2796  0.000016
186  0.000016
1849  0.000016
1754  0.000016
2822  0.000016
2173  0.000016
1605  0.000016
1857  0.000016
236  0.000016
2064  0.000016
1462  0.000016
3187  0.000016
2728  0.000016
820  0.000016
3022  0.000016
2387  0.000016
677  0.000016
3468  0.000016
1898  0.000016
3511  0.000016
1113  0.000016
313  0.000016
1267  0.000016
644  0.000016
3073  0.000016
2994  0.000016
2420  0.000016
323  0.000016
2506  0.000016
2675  0.000016
3734  0.000016
3203  0.000016
2231  0.000015
1054  0.000015
784  0.000015
2646  0.000015
1538  0.000015
3415  0.000015
202  0.000015
1917  0.000015
2085  0.000015
3737  0.000015
3221  0.000015
3553  0.000015
2827  0.000015
1716  0.000015
997  0.000015
2161  0.000015
3120  0.000015
1056  0.000015
2409  0.000015
2601  0.000015
3821  0.000015
3018  0.000015
1706  0.000015
1183  0.000015
2939  0.000015
2335  0.000015
3738  0.000015
2348  0.000015
589  0.000015
1824  0.000015
82  0.000015
2396  0.000015
1885  0.000015
2154  0.000015
2795  0.000015
1946  0.000015
1938  0.000015
564  0.000015
1302  0.000015
3106  0.000014
1068  0.000014
1962  0.000014
2200  0.000014
2988  0.000014
3207  0.000014
3629  0.000014
2220  0.000014
2488  0.000014
2518  0.000014
2411  0.000014
1011  0.000014
2063  0.000014
1826  0.000014
1686  0.000014
770  0.000014
2304  0.000014
2872  0.000014
2030  0.000014
1120  0.000014
1875  0.000014
1415  0.000014
2367  0.000014
3431  0.000014
1047  0.000014
1018  0.000014
815  0.000014
261  0.000014
2581  0.000014
994  0.000014
1774  0.000014
2713  0.000014
2271  0.000014
3057  0.000014
2615  0.000014
2745  0.000014
2759  0.000014
351  0.000014
849  0.000014
2561  0.000014
1971  0.000014
2029  0.000014
753  0.000014
3339  0.000014
23  0.000014
2425  0.000014
616  0.000014
1348  0.000014
3804  0.000014
1514  0.000014
2844  0.000014
1384  0.000014
2058  0.000014
2931  0.000014
1064  0.000014
1979  0.000014
2222  0.000014
2520  0.000014
2443  0.000014
3086  0.000014
2341  0.000014
98  0.000014
3900  0.000013
1565  0.000013
2118  0.000013
2905  0.000013
2768  0.000013
3449  0.000013
3927  0.000013
3722  0.000013
2969  0.000013
1623  0.000013
2392  0.000013
3926  0.000013
1837  0.000013
1660  0.000013
3810  0.000013
3576  0.000013
547  0.000013
1986  0.000013
3625  0.000013
1392  0.000013
3422  0.000013
312  0.000013
3790  0.000013
2201  0.000013
1009  0.000013
1324  0.000013
1677  0.000013
1245  0.000013
2326  0.000013
2342  0.000013
2862  0.000013
1818  0.000013
2228  0.000013
1632  0.000013
1743  0.000013
3016  0.000013
2473  0.000012
3098  0.000012
1580  0.000012
3394  0.000012
2840  0.000012
3508  0.000012
2315  0.000012
2091  0.000012
2121  0.000012
3149  0.000012
3148  0.000012
2854  0.000012
3794  0.000012
853  0.000012
1859  0.000012
2371  0.000012
2689  0.000012
2848  0.000012
961  0.000012
3605  0.000012
3036  0.000012
3612  0.000012
1715  0.000012
3096  0.000012
1163  0.000012
1296  0.000012
3215  0.000012
695  0.000012
1288  0.000012
2753  0.000012
1271  0.000012
2323  0.000012
3293  0.000012
3328  0.000012
2623  0.000012
2275  0.000012
548  0.000012
3924  0.000012
1667  0.000012
109  0.000012
1781  0.000012
1533  0.000012
494  0.000012
1130  0.000012
3433  0.000012
1585  0.000012
3174  0.000011
2059  0.000011
2803  0.000011
118  0.000011
487  0.000011
2536  0.000011
1350  0.000011
398  0.000011
1732  0.000011
2318  0.000011
1247  0.000011
1634  0.000011
3496  0.000011
2625  0.000011
2880  0.000011
2092  0.000011
2448  0.000011
2558  0.000011
1925  0.000011
2381  0.000011
346  0.000011
1643  0.000011
2329  0.000011
2500  0.000011
2090  0.000011
396  0.000011
3158  0.000011
2449  0.000011
1298  0.000011
1062  0.000011
2043  0.000011
2819  0.000011
948  0.000011
3460  0.000011
739  0.000011
963  0.000011
2853  0.000011
1426  0.000011
409  0.000011
1891  0.000011
1919  0.000011
2482  0.000011
2868  0.000011
3542  0.000011
1407  0.000011
2406  0.000011
48  0.000011
2743  0.000011
3628  0.000011
1994  0.000011
2112  0.000010
3075  0.000010
113  0.000010
3488  0.000010
2896  0.000010
1753  0.000010
2214  0.000010
3931  0.000010
1535  0.000010
1980  0.000010
142  0.000010
1388  0.000010
2492  0.000010
3779  0.000010
2666  0.000010
1795  0.000010
2243  0.000010
2702  0.000010
3731  0.000010
3410  0.000010
1530  0.000010
3466  0.000010
2698  0.000010
2940  0.000010
1207  0.000010
19  0.000010
462  0.000010
372  0.000010
1544  0.000010
2350  0.000010
2460  0.000010
2465  0.000010
3873  0.000010
3176  0.000010
2521  0.000010
1652  0.000010
446  0.000010
1413  0.000010
3231  0.000010
2630  0.000010
3947  0.000010
2593  0.000010
1318  0.000010
31  0.000010
2033  0.000010
1454  0.000010
3505  0.000010
2221  0.000010
1131  0.000010
999  0.000010
2104  0.000010
2440  0.000010
2366  0.000010
2354  0.000010
3212  0.000010
1595  0.000010
3225  0.000010
2139  0.000010
535  0.000010
2430  0.000010
2993  0.000010
1404  0.000010
2712  0.000010
2586  0.000010
158  0.000010
3070  0.000010
361  0.000010
3956  0.000010
1624  0.000010
3803  0.000009
1647  0.000009
1982  0.000009
3640  0.000009
1918  0.000009
2749  0.000009
2735  0.000009
2290  0.000009
2296  0.000009
41  0.000009
458  0.000009
2945  0.000009
2045  0.000009
2644  0.000009
1161  0.000009
3514  0.000009
1278  0.000009
2573  0.000009
3891  0.000009
2773  0.000009
2140  0.000009
617  0.000009
3555  0.000009
3080  0.000009
3559  0.000009
3475  0.000009
3836  0.000009
88  0.000009
1268  0.000009
3400  0.000009
4030  0.000009
1035  0.000009
2474  0.000009
3129  0.000009
4023  0.000009
1323  0.000009
2124  0.000009
842  0.000009
964  0.000009
2257  0.000009
3276  0.000009
2911  0.000009
2870  0.000009
2631  0.000009
2619  0.000009
944  0.000009
3702  0.000009
3719  0.000009
1040  0.000009
2207  0.000009
2667  0.000009
2295  0.000009
3223  0.000009
528  0.000009
3297  0.000009
1492  0.000009
3239  0.000009
3826  0.000009
3747  0.000009
2423  0.000009
1862  0.000008
2363  0.000008
1566  0.000008
320  0.000008
2546  0.000008
3534  0.000008
666  0.000008
2288  0.000008
2280  0.000008
3831  0.000008
3469  0.000008
1181  0.000008
766  0.000008
2818  0.000008
325  0.000008
1406  0.000008
3257  0.000008
3870  0.000008
2352  0.000008
1314  0.000008
1092  0.000008
1100  0.000008
3220  0.000008
1659  0.000008
2949  0.000008
2570  0.000008
2253  0.000008
3041  0.000008
2978  0.000008
1281  0.000008
3171  0.000008
3007  0.000008
1658  0.000008
1380  0.000008
2700  0.000008
2146  0.000008
1811  0.000008
334  0.000008
1772  0.000008
1309  0.000008
2147  0.000008
2152  0.000008
2874  0.000008
933  0.000008
834  0.000008
2504  0.000008
3381  0.000008
2680  0.000008
3329  0.000008
2299  0.000008
3247  0.000008
2190  0.000008
2807  0.000008
3284  0.000008
773  0.000008
3393  0.000008
718  0.000008
2672  0.000008
2276  0.000008
1921  0.000008
2762  0.000008
3206  0.000008
3693  0.000008
2655  0.000008
2618  0.000008
2696  0.000007
2991  0.000007
687  0.000007
1594  0.000007
1432  0.000007
734  0.000007
3610  0.000007
1988  0.000007
3950  0.000007
1385  0.000007
2923  0.000007
1691  0.000007
2287  0.000007
3307  0.000007
2446  0.000007
1375  0.000007
2984  0.000007
2725  0.000007
3590  0.000007
3377  0.000007
2165  0.000007
1265  0.000007
1477  0.000007
3085  0.000007
782  0.000007
1099  0.000007
2934  0.000007
2752  0.000007
1102  0.000007
1402  0.000007
1424  0.000007
2120  0.000007
1901  0.000007
1539  0.000007
2663  0.000007
1812  0.000007
3443  0.000007
2160  0.000007
2401  0.000007
342  0.000007
922  0.000007
3791  0.000007
3160  0.000007
3273  0.000007
3951  0.000007
936  0.000007
1212  0.000007
3213  0.000007
2924  0.000007
3260  0.000007
1451  0.000007
2365  0.000007
2856  0.000007
3373  0.000007
2379  0.000007
848  0.000007
2083  0.000007
2858  0.000007
1575  0.000007
2887  0.000007
1121  0.000007
2974  0.000007
1169  0.000007
3301  0.000007
1670  0.000007
2356  0.000007
2845  0.000007
1830  0.000007
2559  0.000007
1679  0.000007
242  0.000007
1294  0.000007
3004  0.000007
2686  0.000007
2557  0.000007
2929  0.000007
3064  0.000007
489  0.000007
1219  0.000007
3435  0.000007
1908  0.000007
115  0.000007
1008  0.000007
2497  0.000007
175  0.000007
2622  0.000007
1766  0.000007
1878  0.000007
1751  0.000007
727  0.000007
3234  0.000007
2637  0.000007
726  0.000007
1127  0.000007
635  0.000007
3416  0.000007
2416  0.000007
2912  0.000006
2005  0.000006
2578  0.000006
1646  0.000006
3573  0.000006
2374  0.000006
3907  0.000006
1396  0.000006
249  0.000006
905  0.000006
1177  0.000006
1464  0.000006
3768  0.000006
780  0.000006
818  0.000006
3841  0.000006
1142  0.000006
787  0.000006
1500  0.000006
1681  0.000006
2638  0.000006
1672  0.000006
2035  0.000006
2272  0.000006
3599  0.000006
3833  0.000006
3144  0.000006
3029  0.000006
3933  0.000006
3306  0.000006
1527  0.000006
1936  0.000006
3884  0.000006
3340  0.000006
1796  0.000006
1904  0.000006
1895  0.000006
3438  0.000006
3921  0.000006
2495  0.000006
2386  0.000006
573  0.000006
1578  0.000006
2480  0.000006
3264  0.000006
3909  0.000006
3499  0.000006
3383  0.000006
2023  0.000006
104  0.000006
3326  0.000006
3662  0.000006
3237  0.000006
797  0.000006
2260  0.000006
1526  0.000006
224  0.000006
2010  0.000006
2645  0.000006
3169  0.000006
1321  0.000006
3615  0.000006
3711  0.000006
3822  0.000006
2756  0.000006
1942  0.000006
2620  0.000006
1240  0.000006
3645  0.000006
1418  0.000006
1737  0.000006
1441  0.000006
2815  0.000006
2074  0.000006
2057  0.000006
2737  0.000006
2897  0.000006
231  0.000006
833  0.000006
619  0.000006
2370  0.000006
62  0.000006
1564  0.000006
1445  0.000006
3138  0.000006
1306  0.000006
1195  0.000006
1738  0.000006
3337  0.000006
3142  0.000006
185  0.000006
3065  0.000006
1889  0.000006
3714  0.000006
2020  0.000006
2022  0.000006
3642  0.000006
2216  0.000006
3546  0.000006
2648  0.000006
2549  0.000006
1  0.000006
2075  0.000006
1927  0.000006
3166  0.000006
2556  0.000006
3316  0.000006
1655  0.000006
3364  0.000006
2889  0.000006
3294  0.000005
425  0.000005
2308  0.000005
679  0.000005
204  0.000005
1734  0.000005
1935  0.000005
2202  0.000005
3208  0.000005
1541  0.000005
2061  0.000005
1649  0.000005
3242  0.000005
3535  0.000005
2108  0.000005
2843  0.000005
3009  0.000005
2405  0.000005
3236  0.000005
2531  0.000005
2576  0.000005
141  0.000005
3380  0.000005
3384  0.000005
975  0.000005
2006  0.000005
977  0.000005
3601  0.000005
636  0.000005
1260  0.000005
2859  0.000005
3823  0.000005
3157  0.000005
3043  0.000005
2760  0.000005
1929  0.000005
1355  0.000005
1542  0.000005
1877  0.000005
3193  0.000005
3164  0.000005
3285  0.000005
1422  0.000005
3554  0.000005
2681  0.000005
574  0.000005
1292  0.000005
2115  0.000005
2408  0.000005
3042  0.000005
811  0.000005
3648  0.000005
2485  0.000005
3343  0.000005
1641  0.000005
3881  0.000005
771  0.000005
2744  0.000005
3199  0.000005
1653  0.000005
1257  0.000005
130  0.000005
3374  0.000005
1508  0.000005
1225  0.000005
752  0.000005
1638  0.000005
1082  0.000005
754  0.000005
1552  0.000005
1587  0.000005
569  0.000005
418  0.000005
984  0.000005
817  0.000005
3110  0.000005
2614  0.000005
2393  0.000005
3108  0.000005
128  0.000005
2965  0.000005
3391  0.000005
983  0.000005
3828  0.000005
2851  0.000005
2789  0.000005
265  0.000005
3139  0.000005
3471  0.000005
3014  0.000005
2957  0.000005
2525  0.000005
2099  0.000005
1582  0.000005
3379  0.000005
161  0.000005
148  0.000005
1143  0.000005
2086  0.000005
3847  0.000005
1397  0.000005
1036  0.000005
1190  0.000005
3528  0.000005
3023  0.000005
3390  0.000005
764  0.000005
720  0.000005
3486  0.000005
3860  0.000005
2484  0.000005
2237  0.000005
3547  0.000005
2489  0.000005
959  0.000005
3470  0.000005
474  0.000005
2122  0.000005
3463  0.000005
1228  0.000005
1198  0.000005
2995  0.000005
2432  0.000005
3421  0.000005
3067  0.000005
952  0.000005
1398  0.000005
2286  0.000005
3123  0.000005
1434  0.000005
2539  0.000005
2612  0.000005
1841  0.000005
211  0.000005
822  0.000004
2277  0.000004
2159  0.000004
676  0.000004
2197  0.000004
2831  0.000004
3799  0.000004
1987  0.000004
2566  0.000004
3103  0.000004
2823  0.000004
3998  0.000004
2476  0.000004
5  0.000004
2809  0.000004
1501  0.000004
1138  0.000004
2835  0.000004
3459  0.000004
2426  0.000004
3430  0.000004
445  0.000004
1965  0.000004
3564  0.000004
1091  0.000004
2654  0.000004
1112  0.000004
3740  0.000004
3964  0.000004
2765  0.000004
94  0.000004
1299  0.000004
1695  0.000004
3706  0.000004
696  0.000004
2067  0.000004
2048  0.000004
248  0.000004
137  0.000004
1805  0.000004
1007  0.000004
1763  0.000004
663  0.000004
610  0.000004
2985  0.000004
768  0.000004
2209  0.000004
3809  0.000004
2626  0.000004
3135  0.000004
1167  0.000004
795  0.000004
3480  0.000004
331  0.000004
2657  0.000004
1180  0.000004
736  0.000004
2307  0.000004
1150  0.000004
3760  0.000004
2628  0.000004
3069  0.000004
132  0.000004
949  0.000004
2656  0.000004
2519  0.000004
1704  0.000004
3728  0.000004
3915  0.000004
1351  0.000004
1241  0.000004
3780  0.000004
2847  0.000004
1997  0.000004
1944  0.000004
1903  0.000004
2212  0.000004
3643  0.000004
971  0.000004
2453  0.000004
2357  0.000004
1387  0.000004
1201  0.000004
3858  0.000004
597  0.000004
2697  0.000004
2359  0.000004
1356  0.000004
3095  0.000004
2181  0.000004
2523  0.000004
2791  0.000004
738  0.000004
519  0.000004
1633  0.000004
354  0.000004
2708  0.000004
3050  0.000004
814  0.000004
3786  0.000004
1340  0.000004
3635  0.000004
214  0.000004
413  0.000004
2673  0.000004
792  0.000004
3105  0.000004
2297  0.000004
2684  0.000004
2727  0.000004
3949  0.000004
2820  0.000004
1457  0.000004
1188  0.000004
3667  0.000004
939  0.000004
72  0.000004
440  0.000004
3474  0.000004
2467  0.000004
133  0.000004
3024  0.000004
2941  0.000004
806  0.000004
3852  0.000004
3048  0.000004
3532  0.000004
3405  0.000004
2164  0.000004
919  0.000004
3300  0.000004
2055  0.000004
2587  0.000004
1733  0.000004
2577  0.000004
13  0.000004
1108  0.000004
931  0.000004
1266  0.000003
1615  0.000003
3292  0.000003
3538  0.000003
3359  0.000003
1870  0.000003
1696  0.000003
3621  0.000003
900  0.000003
3432  0.000003
3867  0.000003
3602  0.000003
3238  0.000003
3895  0.000003
3228  0.000003
3967  0.000003
1990  0.000003
2830  0.000003
3  0.000003
1213  0.000003
410  0.000003
2109  0.000003
2114  0.000003
2261  0.000003
257  0.000003
1072  0.000003
1968  0.000003
450  0.000003
793  0.000003
907  0.000003
2997  0.000003
1635  0.000003
2455  0.000003
3286  0.000003
3510  0.000003
2829  0.000003
1452  0.000003
2709  0.000003
3759  0.000003
3707  0.000003
2761  0.000003
1000  0.000003
1285  0.000003
1308  0.000003
1900  0.000003
3549  0.000003
2797  0.000003
1832  0.000003
2534  0.000003
1503  0.000003
3982  0.000003
3254  0.000003
3170  0.000003
227  0.000003
2110  0.000003
3021  0.000003
3483  0.000003
2552  0.000003
845  0.000003
2574  0.000003
3563  0.000003
2192  0.000003
777  0.000003
1829  0.000003
3484  0.000003
1907  0.000003
3679  0.000003
2981  0.000003
57  0.000003
1411  0.000003
299  0.000003
1914  0.000003
3189  0.000003
111  0.000003
303  0.000003
230  0.000003
2082  0.000003
238  0.000003
2954  0.000003
3490  0.000003
2469  0.000003
976  0.000003
2731  0.000003
1202  0.000003
3718  0.000003
763  0.000003
989  0.000003
2688  0.000003
2563  0.000003
1981  0.000003
839  0.000003
2983  0.000003
532  0.000003
1952  0.000003
3539  0.000003
3524  0.000003
3536  0.000003
920  0.000003
4014  0.000003
3752  0.000003
362  0.000003
1287  0.000003
3497  0.000003
1989  0.000003
1931  0.000003
3866  0.000003
3040  0.000003
2846  0.000003
2193  0.000003
2726  0.000003
1139  0.000003
1728  0.000003
748  0.000003
1747  0.000003
3518  0.000003
3357  0.000003
3896  0.000003
1749  0.000003
3855  0.000003
3165  0.000003
3491  0.000003
1606  0.000003
2179  0.000003
3249  0.000003
29  0.000003
2077  0.000003
84  0.000003
1053  0.000003
682  0.000003
3402  0.000003
2562  0.000003
3624  0.000003
3210  0.000003
178  0.000003
437  0.000003
3566  0.000003
1045  0.000003
30  0.000003
835  0.000003
3312  0.000003
2234  0.000003
3500  0.000003
3753  0.000003
3318  0.000003
3392  0.000003
2098  0.000003
3151  0.000003
1055  0.000003
2238  0.000003
3557  0.000003
1723  0.000003
3061  0.000003
871  0.000003
3032  0.000003
1855  0.000003
2948  0.000003
2011  0.000003
2346  0.000003
232  0.000003
1216  0.000003
3775  0.000003
3325  0.000003
3670  0.000003
1953  0.000003
742  0.000003
2907  0.000003
3093  0.000003
2733  0.000003
847  0.000003
1315  0.000003
3687  0.000003
712  0.000003
2967  0.000003
2249  0.000003
3167  0.000003
1097  0.000003
403  0.000003
1400  0.000003
3482  0.000003
3047  0.000003
184  0.000003
2641  0.000003
2477  0.000003
755  0.000003
426  0.000003
1698  0.000003
850  0.000003
760  0.000003
1957  0.000002
2627  0.000002
1382  0.000002
940  0.000002
3028  0.000002
2486  0.000002
2390  0.000002
1073  0.000002
3485  0.000002
701  0.000002
3850  0.000002
3399  0.000002
1379  0.000002
1562  0.000002
2316  0.000002
343  0.000002
1484  0.000002
310  0.000002
3533  0.000002
3763  0.000002
2427  0.000002
926  0.000002
3512  0.000002
3626  0.000002
799  0.000002
3710  0.000002
3969  0.000002
647  0.000002
1963  0.000002
3583  0.000002
1481  0.000002
116  0.000002
2882  0.000002
143  0.000002
159  0.000002
3013  0.000002
3697  0.000002
2076  0.000002
1103  0.000002
3066  0.000002
3244  0.000002
1815  0.000002
1325  0.000002
2717  0.000002
2036  0.000002
2291  0.000002
914  0.000002
903  0.000002
3784  0.000002
2213  0.000002
2953  0.000002
1676  0.000002
1058  0.000002
2119  0.000002
1023  0.000002
223  0.000002
2987  0.000002
2415  0.000002
2918  0.000002
981  0.000002
898  0.000002
3776  0.000002
1599  0.000002
2418  0.000002
3309  0.000002
3246  0.000002
2217  0.000002
3903  0.000002
3155  0.000002
732  0.000002
1801  0.000002
789  0.000002
3937  0.000002
1030  0.000002
3730  0.000002
2639  0.000002
1033  0.000002
1433  0.000002
1739  0.000002
3698  0.000002
3109  0.000002
2353  0.000002
3944  0.000002
568  0.000002
2407  0.000002
2535  0.000002
2554  0.000002
2046  0.000002
3767  0.000002
1999  0.000002
2532  0.000002
909  0.000002
326  0.000002
1244  0.000002
3979  0.000002
2633  0.000002
987  0.000002
2311  0.000002
1524  0.000002
3153  0.000002
3761  0.000002
1043  0.000002
121  0.000002
1896  0.000002
2876  0.000002
3770  0.000002
3880  0.000002
1279  0.000002
1461  0.000002
807  0.000002
3015  0.000002
1336  0.000002
2089  0.000002
714  0.000002
758  0.000002
314  0.000002
2933  0.000002
1499  0.000002
3515  0.000002
3569  0.000002
2878  0.000002
988  0.000002
741  0.000002
2162  0.000002
1701  0.000002
1906  0.000002
2723  0.000002
3683  0.000002
3636  0.000002
3102  0.000002
3659  0.000002
3960  0.000002
1934  0.000002
2303  0.000002
2585  0.000002
3792  0.000002
1232  0.000002
196  0.000002
498  0.000002
3726  0.000002
2710  0.000002
838  0.000002
2000  0.000002
1286  0.000002
1152  0.000002
2850  0.000002
3664  0.000002
3616  0.000002
1700  0.000002
2977  0.000002
1798  0.000002
3802  0.000002
3785  0.000002
39  0.000002
943  0.000002
3957  0.000002
1710  0.000002
1293  0.000002
3503  0.000002
1848  0.000002
1556  0.000002
3190  0.000002
2403  0.000002
3720  0.000002
490  0.000002
297  0.000002
488  0.000002
3929  0.000002
2579  0.000002
2682  0.000002
685  0.000002
3458  0.000002
1365  0.000002
2685  0.000002
2658  0.000002
831  0.000002
180  0.000002
258  0.000002
3068  0.000002
2893  0.000002
345  0.000002
3578  0.000002
2034  0.000002
625  0.000002
1144  0.000002
2310  0.000002
3862  0.000002
2306  0.000002
1118  0.000002
1342  0.000002
2572  0.000002
540  0.000002
495  0.000002
3671  0.000002
4004  0.000002
2766  0.000002
2373  0.000002
3543  0.000002
1572  0.000002
1389  0.000002
1629  0.000002
1015  0.000002
3835  0.000002
2490  0.000002
2360  0.000002
2208  0.000002
1922  0.000002
969  0.000002
3608  0.000002
3088  0.000002
2421  0.000002
3349  0.000002
144  0.000002
1310  0.000002
1792  0.000002
912  0.000002
1316  0.000002
836  0.000002
1154  0.000002
3192  0.000002
2314  0.000002
3476  0.000002
212  0.000002
2248  0.000002
2961  0.000002
992  0.000002
260  0.000002
2705  0.000002
3914  0.000002
3634  0.000002
99  0.000002
3509  0.000002
3713  0.000002
2805  0.000002
1140  0.000002
2041  0.000002
1532  0.000002
3209  0.000002
923  0.000002
2456  0.000002
470  0.000002
2170  0.000002
101  0.000002
2837  0.000002
2821  0.000002
1550  0.000002
3796  0.000002
96  0.000002
2970  0.000002
3941  0.000002
3156  0.000002
1094  0.000002
2591  0.000002
352  0.000002
3888  0.000002
1081  0.000002
3358  0.000002
631  0.000002
1090  0.000002
1958  0.000002
901  0.000002
3462  0.000001
3269  0.000001
2771  0.000001
889  0.000001
813  0.000001
2747  0.000001
3623  0.000001
38  0.000001
375  0.000001
2097  0.000001
2903  0.000001
711  0.000001
59  0.000001
3845  0.000001
1087  0.000001
3774  0.000001
2942  0.000001
1873  0.000001
274  0.000001
3817  0.000001
3517  0.000001
655  0.000001
1089  0.000001
2769  0.000001
2515  0.000001
521  0.000001
3200  0.000001
3504  0.000001
3656  0.000001
779  0.000001
302  0.000001
284  0.000001
2891  0.000001
1625  0.000001
1654  0.000001
1814  0.000001
2136  0.000001
3701  0.000001
4017  0.000001
3762  0.000001
65  0.000001
3530  0.000001
1364  0.000001
783  0.000001
92  0.000001
3551  0.000001
3620  0.000001
1880  0.000001
2044  0.000001
3229  0.000001
622  0.000001
20  0.000001
3571  0.000001
1248  0.000001
2349  0.000001
22  0.000001
536  0.000001
3771  0.000001
1822  0.000001
3703  0.000001
2096  0.000001
3958  0.000001
1956  0.000001
731  0.000001
3901  0.000001
3045  0.000001
3994  0.000001
3163  0.000001
2790  0.000001
938  0.000001
684  0.000001
3818  0.000001
2321  0.000001
902  0.000001
716  0.000001
3832  0.000001
3600  0.000001
2017  0.000001
1930  0.000001
2935  0.000001
3995  0.000001
1042  0.000001
1134  0.000001
127  0.000001
3898  0.000001
4021  0.000001
3725  0.000001
3743  0.000001
3638  0.000001
4038  0.000001
134  0.000001
1218  0.000001
1174  0.000001
477  0.000001
565  0.000001
3519  0.000001
2888  0.000001
1401  0.000001
1141  0.000001
3527  0.000001
2383  0.000001
1151  0.000001
3130  0.000001
3356  0.000001
1478  0.000001
4000  0.000001
722  0.000001
1517  0.000001
623  0.000001
2670  0.000001
3904  0.000001
778  0.000001
73  0.000001
730  0.000001
2861  0.000001
2895  0.000001
1137  0.000001
222  0.000001
3507  0.000001
1333  0.000001
1116  0.000001
765  0.000001
2804  0.000001
837  0.000001
2454  0.000001
1468  0.000001
2258  0.000001
2450  0.000001
2262  0.000001
4027  0.000001
281  0.000001
1601  0.000001
885  0.000001
3241  0.000001
1234  0.000001
1773  0.000001
3520  0.000001
442  0.000001
1050  0.000001
4020  0.000001
3522  0.000001
14  0.000001
1840  0.000001
2770  0.000001
2545  0.000001
3194  0.000001
2402  0.000001
3478  0.000001
737  0.000001
2274  0.000001
2251  0.000001
197  0.000001
1115  0.000001
3425  0.000001
478  0.000001
1378  0.000001
1764  0.000001
3548  0.000001
707  0.000001
100  0.000001
2301  0.000001
3141  0.000001
3493  0.000001
3658  0.000001
2255  0.000001
3418  0.000001
740  0.000001
50  0.000001
3614  0.000001
3682  0.000001
3878  0.000001
85  0.000001
2186  0.000001
950  0.000001
3789  0.000001
709  0.000001
123  0.000001
1890  0.000001
1961  0.000001
3859  0.000001
809  0.000001
970  0.000001
1928  0.000001
3591  0.000001
4002  0.000001
3916  0.000001
2019  0.000001
1093  0.000001
3243  0.000001
3133  0.000001
2105  0.000001
3627  0.000001
243  0.000001
3837  0.000001
904  0.000001
276  0.000001
2479  0.000001
2779  0.000001
3772  0.000001
3660  0.000001
2130  0.000001
1438  0.000001
612  0.000001
2947  0.000001
2678  0.000001
657  0.000001
3736  0.000001
2652  0.000001
956  0.000001
1263  0.000001
1915  0.000001
733  0.000001
3251  0.000001
626  0.000001
3868  0.000001
1784  0.000001
2265  0.000001
166  0.000001
2926  0.000001
194  0.000001
1708  0.000001
3622  0.000001
3099  0.000001
2834  0.000001
3452  0.000001
3618  0.000001
996  0.000001
786  0.000001
344  0.000001
2025  0.000001
551  0.000001
2794  0.000001
295  0.000001
17  0.000001
3388  0.000001
2141  0.000001
105  0.000001
187  0.000001
3574  0.000001
2070  0.000001
664  0.000001
759  0.000001
2400  0.000001
3894  0.000001
1869  0.000001
3812  0.000001
3769  0.000001
1044  0.000001
2435  0.000001
3908  0.000001
2522  0.000001
4026  0.000001
1476  0.000001
317  0.000001
3646  0.000001
251  0.000001
3428  0.000001
3039  0.000001
1203  0.000001
2990  0.000001
1933  0.000001
3161  0.000001
2701  0.000001
3262  0.000001
424  0.000001
3972  0.000001
28  0.000001
2362  0.000001
2424  0.000001
3159  0.000001
3644  0.000001
2650  0.000001
3492  0.000001
605  0.000001
2513  0.000001
935  0.000001
929  0.000001
2687  0.000001
3986  0.000001
192  0.000001
3197  0.000001
3863  0.000001
149  0.000001
583  0.000001
106  0.000001
3652  0.000001
54  0.000001
1489  0.000001
1039  0.000001
3216  0.000001
3580  0.000001
108  0.000001
2439  0.000001
3887  0.000001
633  0.000001
693  0.000001
3414  0.000001
615  0.000001
2811  0.000001
3777  0.000001
3473  0.000001
165  0.000001
533  0.000001
3632  0.000001
2524  0.000001
1884  0.000001
588  0.000001
2884  0.000001
89  0.000001
319  0.000001
1756  0.000001
3446  0.000001
1254  0.000001
3754  0.000001
3940  0.000001
603  0.000001
502  0.000001
176  0.000001
746  0.000001
2606  0.000001
794  0.000001
2816  0.000001
816  0.000001
2080  0.000001
3439  0.000001
168  0.000001
843  0.000001
3587  0.000001
177  0.000001
998  0.000001
3997  0.000001
600  0.000001
643  0.000001
661  0.000001
3290  0.000001
226  0.000001
453  0.000001
2634  0.000001
3694  0.000001
1664  0.000001
3976  0.000001
3441  0.000001
3663  0.000001
1381  0.000001
2651  0.000001
45  0.000001
3315  0.000001
3250  0.000001
3450  0.000001
965  0.000001
2886  0.000001
2959  0.000001
1602  0.000001
1162  0.000001
2703  0.000001
2166  0.000001
826  0.000001
691  0.000001
3227  0.000001
2802  0.000001
3531  0.000001
681  0.000001
3544  0.000001
3678  0.000001
587  0.000001
330  0.000001
229  0.000001
2008  0.000001
1463  0.000001
2466  0.000001
486  0.000001
3654  0.000001
8  0.000001
91  0.000001
259  0.000001
3641  0.000001
2051  0.000001
2227  0.000001
1974  0.000001
1084  0.000001
1164  0.000001
1220  0.000001
3696  0.000001
318  0.000001
3685  0.000001
3893  0.000001
3083  0.000001
3477  0.000001
522  0.000001
3905  0.000001
3778  0.000001
767  0.000001
3012  0.000001
77  0.000001
2972  0.000001
3757  0.000001
662  0.000001
75  0.000001
3727  0.000001
3988  0.000001
1249  0.000001
3724  0.000000
1592  0.000000
311  0.000000
4009  0.000000
219  0.000000
2281  0.000000
2487  0.000000
2584  0.000000
3585  0.000000
3917  0.000000
974  0.000000
1057  0.000000
796  0.000000
1168  0.000000
3934  0.000000
1771  0.000000
3970  0.000000
2452  0.000000
529  0.000000
2113  0.000000
3607  0.000000
870  0.000000
3843  0.000000
671  0.000000
1777  0.000000
3314  0.000000
611  0.000000
593  0.000000
2320  0.000000
3739  0.000000
2908  0.000000
3472  0.000000
846  0.000000
278  0.000000
578  0.000000
627  0.000000
658  0.000000
659  0.000000
2050  0.000000
3631  0.000000
117  0.000000
955  0.000000
1368  0.000000
599  0.000000
1838  0.000000
723  0.000000
4019  0.000000
2388  0.000000
3827  0.000000
3913  0.000000
1821  0.000000
3502  0.000000
364  0.000000
1038  0.000000
1147  0.000000
1607  0.000000
1949  0.000000
3805  0.000000
650  0.000000
675  0.000000
1992  0.000000
16  0.000000
2917  0.000000
3920  0.000000
3745  0.000000
3092  0.000000
3773  0.000000
2175  0.000000
69  0.000000
821  0.000000
632  0.000000
1354  0.000000
3217  0.000000
986  0.000000
1133  0.000000
1295  0.000000
1797  0.000000
2609  0.000000
4  0.000000
49  0.000000
152  0.000000
181  0.000000
190  0.000000
193  0.000000
245  0.000000
275  0.000000
757  0.000000
1417  0.000000
1711  0.000000
1713  0.000000
3271  0.000000
3673  0.000000
3128  0.000000
266  0.000000
1748  0.000000
710  0.000000
55  0.000000
1363  0.000000
2801  0.000000
1061  0.000000
1301  0.000000
3498  0.000000
3235  0.000000
1568  0.000000
3371  0.000000
3461  0.000000
509  0.000000
2514  0.000000
3447  0.000000
1978  0.000000
2312  0.000000
1069  0.000000
126  0.000000
756  0.000000
1319  0.000000
3283  0.000000
2205  0.000000
3323  0.000000
598  0.000000
124  0.000000
206  0.000000
3044  0.000000
3637  0.000000
3890  0.000000
1063  0.000000
972  0.000000
337  0.000000
2971  0.000000
762  0.000000
2503  0.000000
3053  0.000000
3333  0.000000
640  0.000000
3661  0.000000
3819  0.000000
1648  0.000000
382  0.000000
751  0.000000
3996  0.000000
890  0.000000
1874  0.000000
844  0.000000
863  0.000000
876  0.000000
881  0.000000
290  0.000000
68  0.000000
225  0.000000
341  0.000000
491  0.000000
1788  0.000000
3423  0.000000
867  0.000000
3202  0.000000
1251  0.000000
3657  0.000000
1493  0.000000
2015  0.000000
3598  0.000000
24  0.000000
864  0.000000
3675  0.000000
283  0.000000
254  0.000000
3655  0.000000
390  0.000000
3063  0.000000
385  0.000000
958  0.000000
2305  0.000000
3382  0.000000
2066  0.000000
879  0.000000
429  0.000000
307  0.000000
406  0.000000
1194  0.000000
1264  0.000000
2527  0.000000
3121  0.000000
3665  0.000000
3978  0.000000
3999  0.000000
3338  0.000000
3427  0.000000
2270  0.000000
670  0.000000
3305  0.000000
3457  0.000000
1950  0.000000
2263  0.000000
3923  0.000000
3912  0.000000
3603  0.000000
861  0.000000
3436  0.000000
704  0.000000
3806  0.000000
2358  0.000000
985  0.000000
3595  0.000000
2776  0.000000
338  0.000000
1443  0.000000
3814  0.000000
2444  0.000000
2613  0.000000
3494  0.000000
3839  0.000000
1977  0.000000
3882  0.000000
893  0.000000
665  0.000000
300  0.000000
3735  0.000000
3537  0.000000
4013  0.000000
2016  0.000000
878  0.000000
1031  0.000000
812  0.000000
3567  0.000000
2746  0.000000
2021  0.000000
1853  0.000000
895  0.000000
3963  0.000000
3985  0.000000
866  0.000000
66  0.000000
3112  0.000000
93  0.000000
51  0.000000
83  0.000000
237  0.000000
1297  0.000000
3513  0.000000
140  0.000000
1731  0.000000
333  0.000000
2879  0.000000
505  0.000000
702  0.000000
2158  0.000000
937  0.000000
1200  0.000000
3874  0.000000
3479  0.000000
3562  0.000000
3613  0.000000
3649  0.000000
3695  0.000000
3883  0.000000
689  0.000000
3630  0.000000
869  0.000000
1442  0.000000
2437  0.000000
3619  0.000000
3742  0.000000
1498  0.000000
575  0.000000
2900  0.000000
2528  0.000000
2012  0.000000
979  0.000000
3840  0.000000
3681  0.000000
761  0.000000
2695  0.000000
3552  0.000000
2  0.000000
60  0.000000
1005  0.000000
3481  0.000000
3523  0.000000
1640  0.000000
577  0.000000
347  0.000000
3308  0.000000
3389  0.000000
3647  0.000000
3815  0.000000
3892  0.000000
1157  0.000000
3787  0.000000
4037  0.000000
1239  0.000000
3932  0.000000
791  0.000000
3465  0.000000
3579  0.000000
3030  0.000000
3834  0.000000
2014  0.000000
3334  0.000000
340  0.000000
882  0.000000
788  0.000000
721  0.000000
3889  0.000000
3993  0.000000
3755  0.000000
2182  0.000000
3712  0.000000
1759  0.000000
61  0.000000
81  0.000000
95  0.000000
179  0.000000
240  0.000000
247  0.000000
301  0.000000
356  0.000000
383  0.000000
386  0.000000
411  0.000000
1353  0.000000
1693  0.000000
1760  0.000000
1937  0.000000
2178  0.000000
2714  0.000000
2952  0.000000
2975  0.000000
3751  0.000000
3801  0.000000
3816  0.000000
1887  0.000000
2177  0.000000
3281  0.000000
162  0.000000
3788  0.000000
700  0.000000
3008  0.000000
3715  0.000000
371  0.000000
3058  0.000000
621  0.000000
3398  0.000000
3981  0.000000
3368  0.000000
3606  0.000000
2699  0.000000
880  0.000000
725  0.000000
3516  0.000000
3541  0.000000
562  0.000000
10  0.000000
3977  0.000000
2094  0.000000
832  0.000000
221  0.000000
2982  0.000000
690  0.000000
2013  0.000000
2898  0.000000
808  0.000000
3370  0.000000
129  0.000000
167  0.000000
530  0.000000
1186  0.000000
706  0.000000
1802  0.000000
3973  0.000000
2496  0.000000
3795  0.000000
2245  0.000000
97  0.000000
155  0.000000
157  0.000000
174  0.000000
182  0.000000
253  0.000000
270  0.000000
384  0.000000
399  0.000000
441  0.000000
501  0.000000
552  0.000000
790  0.000000
1002  0.000000
1105  0.000000
2106  0.000000
2548  0.000000
2998  0.000000
3954  0.000000
235  0.000000
1865  0.000000
3708  0.000000
3975  0.000000
381  0.000000
3367  0.000000
1905  0.000000
298  0.000000
2852  0.000000
2256  0.000000
268  0.000000
2568  0.000000
151  0.000000
2493  0.000000
628  0.000000
2632  0.000000
2963  0.000000
27  0.000000
294  0.000000
884  0.000000
1510  0.000000
2422  0.000000
3310  0.000000
3375  0.000000
3429  0.000000
3444  0.000000
3588  0.000000
3849  0.000000
3953  0.000000
582  0.000000
4018  0.000000
3352  0.000000
3122  0.000000
3218  0.000000
3354  0.000000
380  0.000000
2580  0.000000
36  0.000000
928  0.000000
2599  0.000000
715  0.000000
1439  0.000000
365  0.000000
3094  0.000000
466  0.000000
1924  0.000000
6  0.000000
147  0.000000
894  0.000000
1996  0.000000
2565  0.000000
2621  0.000000
2774  0.000000
3055  0.000000
3074  0.000000
3127  0.000000
3270  0.000000
3749  0.000000
3848  0.000000
3925  0.000000
672  0.000000
1490  0.000000
3783  0.000000
250  0.000000
1506  0.000000
79  0.000000
3857  0.000000
263  0.000000
296  0.000000
872  0.000000
874  0.000000
1474  0.000000
3143  0.000000
3952  0.000000
3991  0.000000
4011  0.000000
3311  0.000000
735  0.000000
3581  0.000000
3594  0.000000
208  0.000000
2692  0.000000
164  0.000000
289  0.000000
2481  0.000000
2732  0.000000
2930  0.000000
3126  0.000000
3131  0.000000
3180  0.000000
3181  0.000000
3322  0.000000
3781  0.000000
3946  0.000000
349  0.000000
886  0.000000
1022  0.000000
1111  0.000000
3266  0.000000
3424  0.000000
1631  0.000000
2799  0.000000
139  0.000000
3766  0.000000
3936  0.000000
576  0.000000
595  0.000000
2252  0.000000
3865  0.000000
2230  0.000000
2798  0.000000
3876  0.000000
1892  0.000000
3666  0.000000
1579  0.000000
3668  0.000000
2899  0.000000
3639  0.000000
3871  0.000000
3919  0.000000
3175  0.000000
3928  0.000000
288  0.000000
1414  0.000000
1775  0.000000
2442  0.000000
11  0.000000
12  0.000000
15  0.000000
18  0.000000
32  0.000000
33  0.000000
35  0.000000
37  0.000000
42  0.000000
43  0.000000
44  0.000000
46  0.000000
47  0.000000
52  0.000000
63  0.000000
70  0.000000
71  0.000000
74  0.000000
76  0.000000
78  0.000000
86  0.000000
90  0.000000
102  0.000000
110  0.000000
112  0.000000
114  0.000000
131  0.000000
135  0.000000
138  0.000000
145  0.000000
153  0.000000
154  0.000000
160  0.000000
183  0.000000
191  0.000000
195  0.000000
201  0.000000
205  0.000000
207  0.000000
209  0.000000
210  0.000000
215  0.000000
216  0.000000
218  0.000000
220  0.000000
228  0.000000
233  0.000000
234  0.000000
241  0.000000
244  0.000000
255  0.000000
256  0.000000
262  0.000000
264  0.000000
267  0.000000
273  0.000000
279  0.000000
282  0.000000
286  0.000000
287  0.000000
292  0.000000
293  0.000000
305  0.000000
306  0.000000
309  0.000000
316  0.000000
321  0.000000
327  0.000000
328  0.000000
335  0.000000
336  0.000000
358  0.000000
377  0.000000
379  0.000000
393  0.000000
401  0.000000
443  0.000000
447  0.000000
448  0.000000
454  0.000000
467  0.000000
468  0.000000
476  0.000000
485  0.000000
499  0.000000
550  0.000000
571  0.000000
572  0.000000
581  0.000000
585  0.000000
586  0.000000
602  0.000000
607  0.000000
608  0.000000
613  0.000000
624  0.000000
638  0.000000
642  0.000000
648  0.000000
652  0.000000
656  0.000000
660  0.000000
667  0.000000
668  0.000000
673  0.000000
674  0.000000
692  0.000000
699  0.000000
717  0.000000
743  0.000000
744  0.000000
749  0.000000
750  0.000000
775  0.000000
785  0.000000
801  0.000000
802  0.000000
841  0.000000
851  0.000000
852  0.000000
854  0.000000
855  0.000000
858  0.000000
859  0.000000
865  0.000000
868  0.000000
873  0.000000
875  0.000000
877  0.000000
883  0.000000
887  0.000000
888  0.000000
891  0.000000
892  0.000000
899  0.000000
910  0.000000
911  0.000000
918  0.000000
945  0.000000
1016  0.000000
1027  0.000000
1034  0.000000
1046  0.000000
1065  0.000000
1071  0.000000
1096  0.000000
1119  0.000000
1145  0.000000
1176  0.000000
1206  0.000000
1208  0.000000
1224  0.000000
1233  0.000000
1252  0.000000
1253  0.000000
1262  0.000000
1270  0.000000
1276  0.000000
1326  0.000000
1346  0.000000
1362  0.000000
1372  0.000000
1383  0.000000
1386  0.000000
1394  0.000000
1395  0.000000
1403  0.000000
1430  0.000000
1455  0.000000
1466  0.000000
1486  0.000000
1521  0.000000
1546  0.000000
1558  0.000000
1560  0.000000
1581  0.000000
1586  0.000000
1627  0.000000
1651  0.000000
1657  0.000000
1690  0.000000
1755  0.000000
1762  0.000000
1776  0.000000
1834  0.000000
1854  0.000000
1856  0.000000
1967  0.000000
1969  0.000000
2079  0.000000
2100  0.000000
2167  0.000000
2168  0.000000
2195  0.000000
2204  0.000000
2219  0.000000
2269  0.000000
2375  0.000000
2380  0.000000
2382  0.000000
2431  0.000000
2441  0.000000
2457  0.000000
2470  0.000000
2483  0.000000
2505  0.000000
2517  0.000000
2541  0.000000
2569  0.000000
2595  0.000000
2596  0.000000
2671  0.000000
2691  0.000000
2704  0.000000
2721  0.000000
2722  0.000000
2736  0.000000
2740  0.000000
2767  0.000000
2788  0.000000
2792  0.000000
2808  0.000000
2814  0.000000
2817  0.000000
2824  0.000000
2838  0.000000
2842  0.000000
2855  0.000000
2857  0.000000
2860  0.000000
2885  0.000000
2902  0.000000
2922  0.000000
2980  0.000000
3003  0.000000
3006  0.000000
3031  0.000000
3037  0.000000
3059  0.000000
3071  0.000000
3091  0.000000
3125  0.000000
3134  0.000000
3147  0.000000
3183  0.000000
3230  0.000000
3268  0.000000
3282  0.000000
3317  0.000000
3336  0.000000
3372  0.000000
3376  0.000000
3401  0.000000
3407  0.000000
3408  0.000000
3413  0.000000
3445  0.000000
3451  0.000000
3453  0.000000
3467  0.000000
3489  0.000000
3560  0.000000
3565  0.000000
3570  0.000000
3572  0.000000
3575  0.000000
3582  0.000000
3589  0.000000
3597  0.000000
3650  0.000000
3653  0.000000
3669  0.000000
3676  0.000000
3686  0.000000
3688  0.000000
3689  0.000000
3691  0.000000
3699  0.000000
3700  0.000000
3704  0.000000
3709  0.000000
3716  0.000000
3717  0.000000
3729  0.000000
3732  0.000000
3733  0.000000
3744  0.000000
3746  0.000000
3748  0.000000
3765  0.000000
3798  0.000000
3807  0.000000
3808  0.000000
3811  0.000000
3813  0.000000
3820  0.000000
3844  0.000000
3846  0.000000
3853  0.000000
3854  0.000000
3856  0.000000
3864  0.000000
3875  0.000000
3879  0.000000
3885  0.000000
3897  0.000000
3899  0.000000
3910  0.000000
3911  0.000000
3922  0.000000
3935  0.000000
3939  0.000000
3942  0.000000
3955  0.000000
3959  0.000000
3965  0.000000
3974  0.000000
3983  0.000000
3984  0.000000
3987  0.000000
3990  0.000000
3992  0.000000
4001  0.000000
4003  0.000000
4005  0.000000
4006  0.000000
4007  0.000000
4008  0.000000
4010  0.000000
4012  0.000000
4015  0.000000
4016  0.000000
4022  0.000000
4024  0.000000
4025  0.000000
4028  0.000000
4029  0.000000
4032  0.000000
4033  0.000000
4034  0.000000
4035  0.000000
4036  0.000000
